(x,y) = (0,0)
[[0, 0]]
(x,y) = (0,1)
[[0, 0], (0, 1)]
(x,y) = (0,2)
[[0, 0], (0, 1), (0, 2)]
(x,y) = (0,3)
[[0, 0], (0, 1), (0, 2), (0, 3)]
(x,y) = (0,4)
[[0, 0], (0, 1), (0, 2), (0, 3), (0, 4)]
(x,y) = (0,5)
[[0, 0], (0, 1), (0, 2), (0, 3), (0, 4), (0, 5)]
(x,y) = (0,6)
[[0, 0], (0, 1), (0, 2), (0, 3), (0, 4), (0, 5), (0, 6)]
(x,y) = (0,7)
[[0, 0], (0, 1), (0, 2), (0, 3), (0, 4), (0, 5), (0, 6), (0, 7)]
(x,y) = (0,8)
[[0, 0], (0, 1), (0, 2), (0, 3), (0, 4), (0, 5), (0, 6), (0, 7), (0, 8)]
(x,y) = (0,9)
[[0, 0], (0, 1), (0, 2), (0, 3), (0, 4), (0, 5), (0, 6), (0, 7), (0, 8), (0, 9)]
(x,y) = (1,0)
[[0, 0], (1, 0)]
(x,y) = (1,1)
[[0, 0], (1, 1)]
(x,y) = (1,2)
[[0, 0], (1, 1), (1, 2)]
(x,y) = (1,3)
[[0, 0], (1, 1), (1, 2), (1, 3)]
(x,y) = (1,4)
[[0, 0], (1, 1), (1, 2), (1, 3), (1, 4)]
(x,y) = (1,5)
[[0, 0], (1, 1), (1, 2), (1, 3), (1, 4), (1, 5)]
(x,y) = (1,6)
[[0, 0], (1, 1), (1, 2), (1, 3), (1, 4), (1, 5), (1, 6)]
(x,y) = (1,7)
[[0, 0], (1, 1), (1, 2), (1, 3), (1, 4), (1, 5), (1, 6), (1, 7)]
(x,y) = (1,8)
[[0, 0], (1, 1), (1, 2), (1, 3), (1, 4), (1, 5), (1, 6), (1, 7), (1, 8)]
(x,y) = (1,9)
[[0, 0], (1, 1), (1, 2), (1, 3), (1, 4), (1, 5), (1, 6), (1, 7), (1, 8), (1, 9)]
(x,y) = (2,0)
[[0, 0], (1, 0), (2, 0)]
(x,y) = (2,1)
[[0, 0], (1, 1), (2, 1)]
(x,y) = (2,2)
[[0, 0], (1, 1), (2, 2)]
(x,y) = (2,3)
[[0, 0], (1, 1), (2, 2), (2, 3)]
(x,y) = (2,4)
[[0, 0], (1, 1), (2, 2), (2, 3), (2, 4)]
(x,y) = (2,5)
[[0, 0], (1, 1), (2, 2), (2, 3), (2, 4), (2, 5)]
(x,y) = (2,6)
[[0, 0], (1, 1), (2, 2), (2, 3), (2, 4), (2, 5), (2, 6)]
(x,y) = (2,7)
[[0, 0], (1, 1), (2, 2), (2, 3), (2, 4), (2, 5), (2, 6), (2, 7)]
(x,y) = (2,8)
[[0, 0], (1, 1), (2, 2), (2, 3), (2, 4), (2, 5), (2, 6), (2, 7), (2, 8)]
(x,y) = (2,9)
[[0, 0], (1, 1), (2, 2), (2, 3), (2, 4), (2, 5), (2, 6), (2, 7), (2, 8), (2, 9)]
(x,y) = (3,0)
[[0, 0], (1, 0), (2, 0), (3, 0)]
(x,y) = (3,1)
[[0, 0], (1, 1), (2, 1), (3, 1)]
(x,y) = (3,2)
[[0, 0], (1, 1), (2, 2), (3, 2)]
(x,y) = (3,3)
[[0, 0], (1, 1), (2, 2), (3, 3)]
(x,y) = (3,4)
[[0, 0], (1, 1), (2, 2), (3, 3), (3, 4)]
(x,y) = (3,5)
[[0, 0], (1, 1), (2, 2), (3, 3), (3, 4), (3, 5)]
(x,y) = (3,6)
[[0, 0], (1, 1), (2, 2), (3, 3), (3, 4), (3, 5), (3, 6)]
(x,y) = (3,7)
[[0, 0], (1, 1), (2, 2), (3, 3), (3, 4), (3, 5), (3, 6), (3, 7)]
(x,y) = (3,8)
[[0, 0], (1, 1), (2, 2), (3, 3), (3, 4), (3, 5), (3, 6), (3, 7), (3, 8)]
(x,y) = (3,9)
[[0, 0], (1, 1), (2, 2), (3, 3), (3, 4), (3, 5), (3, 6), (3, 7), (3, 8), (3, 9)]
(x,y) = (4,0)
[[0, 0], (1, 0), (2, 0), (3, 0), (4, 0)]
(x,y) = (4,1)
[[0, 0], (1, 1), (2, 1), (3, 1), (4, 1)]
(x,y) = (4,2)
[[0, 0], (1, 1), (2, 2), (3, 2), (4, 2)]
(x,y) = (4,3)
[[0, 0], (1, 1), (2, 2), (3, 3), (4, 3)]
(x,y) = (4,4)
[[0, 0], (1, 1), (2, 2), (3, 3), (4, 4)]
(x,y) = (4,5)
[[0, 0], (1, 1), (2, 2), (3, 3), (4, 4), (4, 5)]
(x,y) = (4,6)
[[0, 0], (1, 1), (2, 2), (3, 3), (4, 4), (4, 5), (4, 6)]
(x,y) = (4,7)
[[0, 0], (1, 1), (2, 2), (3, 3), (4, 4), (4, 5), (4, 6), (4, 7)]
(x,y) = (4,8)
[[0, 0], (1, 1), (2, 2), (3, 3), (4, 4), (4, 5), (4, 6), (4, 7), (4, 8)]
(x,y) = (4,9)
[[0, 0], (1, 1), (2, 2), (3, 3), (4, 4), (4, 5), (4, 6), (4, 7), (4, 8), (4, 9)]
(x,y) = (5,0)
[[0, 0], (1, 0), (2, 0), (3, 0), (4, 0), (5, 0)]
(x,y) = (5,1)
[[0, 0], (1, 1), (2, 1), (3, 1), (4, 1), (5, 1)]
(x,y) = (5,2)
[[0, 0], (1, 1), (2, 2), (3, 2), (4, 2), (5, 2)]
(x,y) = (5,3)
[[0, 0], (1, 1), (2, 2), (3, 3), (4, 3), (5, 3)]
(x,y) = (5,4)
[[0, 0], (1, 1), (2, 2), (3, 3), (4, 4), (5, 4)]
(x,y) = (5,5)
[[0, 0], (1, 1), (2, 2), (3, 3), (4, 4), (5, 5)]
(x,y) = (5,6)
[[0, 0], (1, 1), (2, 2), (3, 3), (4, 4), (5, 5), (5, 6)]
(x,y) = (5,7)
[[0, 0], (1, 1), (2, 2), (3, 3), (4, 4), (5, 5), (5, 6), (5, 7)]
(x,y) = (5,8)
[[0, 0], (1, 1), (2, 2), (3, 3), (4, 4), (5, 5), (5, 6), (5, 7), (5, 8)]
(x,y) = (5,9)
[[0, 0], (1, 1), (2, 2), (3, 3), (4, 4), (5, 5), (5, 6), (5, 7), (5, 8), (5, 9)]
(x,y) = (6,0)
[[0, 0], (1, 0), (2, 0), (3, 0), (4, 0), (5, 0), (6, 0)]
(x,y) = (6,1)
[[0, 0], (1, 1), (2, 1), (3, 1), (4, 1), (5, 1), (6, 1)]
(x,y) = (6,2)
[[0, 0], (1, 1), (2, 2), (3, 2), (4, 2), (5, 2), (6, 2)]
(x,y) = (6,3)
[[0, 0], (1, 1), (2, 2), (3, 3), (4, 3), (5, 3), (6, 3)]
(x,y) = (6,4)
[[0, 0], (1, 1), (2, 2), (3, 3), (4, 4), (5, 4), (6, 4)]
(x,y) = (6,5)
[[0, 0], (1, 1), (2, 2), (3, 3), (4, 4), (5, 5), (6, 5)]
(x,y) = (6,6)
[[0, 0], (1, 1), (2, 2), (3, 3), (4, 4), (5, 5), (6, 6)]
(x,y) = (6,7)
[[0, 0], (1, 1), (2, 2), (3, 3), (4, 4), (5, 5), (6, 6), (6, 7)]
(x,y) = (6,8)
[[0, 0], (1, 1), (2, 2), (3, 3), (4, 4), (5, 5), (6, 6), (6, 7), (6, 8)]
(x,y) = (6,9)
[[0, 0], (1, 1), (2, 2), (3, 3), (4, 4), (5, 5), (6, 6), (6, 7), (6, 8), (6, 9)]
(x,y) = (7,0)
[[0, 0], (1, 0), (2, 0), (3, 0), (4, 0), (5, 0), (6, 0), (7, 0)]
(x,y) = (7,1)
[[0, 0], (1, 1), (2, 1), (3, 1), (4, 1), (5, 1), (6, 1), (7, 1)]
(x,y) = (7,2)
[[0, 0], (1, 1), (2, 2), (3, 2), (4, 2), (5, 2), (6, 2), (7, 2)]
(x,y) = (7,3)
[[0, 0], (1, 1), (2, 2), (3, 3), (4, 3), (5, 3), (6, 3), (7, 3)]
(x,y) = (7,4)
[[0, 0], (1, 1), (2, 2), (3, 3), (4, 4), (5, 4), (6, 4), (7, 4)]
(x,y) = (7,5)
[[0, 0], (1, 1), (2, 2), (3, 3), (4, 4), (5, 5), (6, 5), (7, 5)]
(x,y) = (7,6)
[[0, 0], (1, 1), (2, 2), (3, 3), (4, 4), (5, 5), (6, 6), (7, 6)]
(x,y) = (7,7)
[[0, 0], (1, 1), (2, 2), (3, 3), (4, 4), (5, 5), (6, 6), (7, 7)]
(x,y) = (7,8)
[[0, 0], (1, 1), (2, 2), (3, 3), (4, 4), (5, 5), (6, 6), (7, 7), (7, 8)]
(x,y) = (7,9)
[[0, 0], (1, 1), (2, 2), (3, 3), (4, 4), (5, 5), (6, 6), (7, 7), (7, 8), (7, 9)]
(x,y) = (8,0)
[[0, 0], (1, 0), (2, 0), (3, 0), (4, 0), (5, 0), (6, 0), (7, 0), (8, 0)]
(x,y) = (8,1)
[[0, 0], (1, 1), (2, 1), (3, 1), (4, 1), (5, 1), (6, 1), (7, 1), (8, 1)]
(x,y) = (8,2)
[[0, 0], (1, 1), (2, 2), (3, 2), (4, 2), (5, 2), (6, 2), (7, 2), (8, 2)]
(x,y) = (8,3)
[[0, 0], (1, 1), (2, 2), (3, 3), (4, 3), (5, 3), (6, 3), (7, 3), (8, 3)]
(x,y) = (8,4)
[[0, 0], (1, 1), (2, 2), (3, 3), (4, 4), (5, 4), (6, 4), (7, 4), (8, 4)]
(x,y) = (8,5)
[[0, 0], (1, 1), (2, 2), (3, 3), (4, 4), (5, 5), (6, 5), (7, 5), (8, 5)]
(x,y) = (8,6)
[[0, 0], (1, 1), (2, 2), (3, 3), (4, 4), (5, 5), (6, 6), (7, 6), (8, 6)]
(x,y) = (8,7)
[[0, 0], (1, 1), (2, 2), (3, 3), (4, 4), (5, 5), (6, 6), (7, 7), (8, 7)]
(x,y) = (8,8)
[[0, 0], (1, 1), (2, 2), (3, 3), (4, 4), (5, 5), (6, 6), (7, 7), (8, 8)]
(x,y) = (8,9)
[[0, 0], (1, 1), (2, 2), (3, 3), (4, 4), (5, 5), (6, 6), (7, 7), (8, 8), (8, 9)]
(x,y) = (9,0)
[[0, 0], (1, 0), (2, 0), (3, 0), (4, 0), (5, 0), (6, 0), (7, 0), (8, 0), (9, 0)]
(x,y) = (9,1)
[[0, 0], (1, 1), (2, 1), (3, 1), (4, 1), (5, 1), (6, 1), (7, 1), (8, 1), (9, 1)]
(x,y) = (9,2)
[[0, 0], (1, 1), (2, 2), (3, 2), (4, 2), (5, 2), (6, 2), (7, 2), (8, 2), (9, 2)]
(x,y) = (9,3)
[[0, 0], (1, 1), (2, 2), (3, 3), (4, 3), (5, 3), (6, 3), (7, 3), (8, 3), (9, 3)]
(x,y) = (9,4)
[[0, 0], (1, 1), (2, 2), (3, 3), (4, 4), (5, 4), (6, 4), (7, 4), (8, 4), (9, 4)]
(x,y) = (9,5)
[[0, 0], (1, 1), (2, 2), (3, 3), (4, 4), (5, 5), (6, 5), (7, 5), (8, 5), (9, 5)]
(x,y) = (9,6)
[[0, 0], (1, 1), (2, 2), (3, 3), (4, 4), (5, 5), (6, 6), (7, 6), (8, 6), (9, 6)]
(x,y) = (9,7)
[[0, 0], (1, 1), (2, 2), (3, 3), (4, 4), (5, 5), (6, 6), (7, 7), (8, 7), (9, 7)]
(x,y) = (9,8)
[[0, 0], (1, 1), (2, 2), (3, 3), (4, 4), (5, 5), (6, 6), (7, 7), (8, 8), (9, 8)]
(x,y) = (9,9)
[[0, 0], (1, 1), (2, 2), (3, 3), (4, 4), (5, 5), (6, 6), (7, 7), (8, 8), (9, 9)]
